00845,5.580242857142857
0380,2.8240499999999997
03811,13.2195
03812,12.1771
03819,1.6325
0383,4.622
03840,0.7599
03842,4.6191
03843,12.9903
03849,5.7588
0388,0.7146
0389,3.73508
04102,3.3857
04104,4.5761
04111,1.6226
04112,4.04935
0413,2.043
0414,6.740522222222221
0416,1.3352
0417,2.0829
04182,4.5761
0543,1.9231
07030,13.8507
07032,35.4065
07044,9.4162
07054,13.8507
07070,4.44445
1120,2.3787000000000003
1122,21.90155
1124,0.7973
1179,6.3034
1508,1.6007
1510,3.764066666666667
1539,0.7437
1541,2.043
1561,4.6191
1570,5.4263
1622,0.7973
1623,13.357
1625,7.1173
1628,1.8354
1629,4.86145
1890,1.1358
193,0.7974
1961,1.1915499999999999
1962,2.1139666666666668
1965,1.6694
1966,1.1358
1970,2.9650874999999997
1972,4.39335
1975,4.6191
1976,1.6689
1977,3.7896800000000006
1978,2.2559
1980,0.9447
1983,2.1222250000000003
1985,4.842849999999999
1987,0.9447
19889,0.9447
20020,13.387450000000001
20280,2.7541400000000005
20300,2.2303
20410,1.9178
20510,2.452
2273,10.2921
2380,2.2624
24220,1.0695
2449,3.245275000000001
25000,5.0381874999999985
25002,1.05785
25060,3.267408333333334
25062,1.3129
25070,1.0316
25080,1.0316
25092,7.2515
2511,1.7404
2530,13.387450000000001
2532,4.1014
2536,0.1904
2554,3.494766666666667
2555,0.6628
261,2.4937333333333336
2639,9.810866666666668
2689,1.6397
2720,1.51394
2721,1.0337
2724,2.7650741935483873
2738,4.5761
2739,4.5761
2749,2.083442857142857
2752,1.6397
2753,13.387450000000001
27542,19.5761
2760,5.1306894736842095
2761,5.387641176470589
2762,6.004944444444445
2763,3.127725
2764,10.26495
2765,2.1822600000000003
27650,1.9121
27651,1.27145
27652,2.7921500000000004
2766,5.28825
2767,5.721125
2768,9.3267125
27739,4.5761
27788,19.5761
27800,7.2515
27801,4.874133333333333
2800,3.937942857142857
2809,2.1306
2811,2.0003
2839,31.1235
2841,6.20175
2848,1.8729
28489,19.5761
2851,2.898891666666667
28521,1.15492
28522,5.8675999999999995
28529,2.18928
2859,4.4942400000000005
2866,2.6465
2867,20.854950000000002
28731,31.1235
2874,6.821633333333334
2875,4.1547
28800,19.5761
28803,19.5761
28860,1.6397
28959,18.92925
28984,13.357
29040,1.6226
29041,2.0091
29181,1.0316
29281,4.7333
2930,1.6301999999999999
29410,1.8594499999999998
2948,5.912533333333334
29562,6.0676
29570,3.5465
29633,1.1409
2967,5.6857
2989,0.9911
30000,1.58705
30301,1.0316
30390,5.4024
30391,21.4136
30393,1.2607
30401,13.8507
3051,4.060475
311,3.54186875
319,10.0683
32723,3.7684181818181823
3310,1.8594499999999998
3315,29.2601
3320,2.6613249999999997
33385,3.5465
3361,22.3895
33829,1.6397
340,0.9911
34290,3.8542
34400,1.6397
34401,22.3895
3441,1.4816
3453,2.6465
34570,29.2601
34590,4.32105
34591,15.041
3481,16.599833333333333
34830,1.2704499999999999
34831,2.6465
3484,2.8437
3485,2.6465
3488,1.7299
34982,7.902
3510,19.5761
3569,2.1756
3572,3.117061538461539
35782,19.5761
36250,1.5145
3659,0.8045
3669,1.9178
37000,19.5761
37230,0.9538
37410,0.9911
37950,22.3895
3962,0.7674000000000001
3963,0.535
3968,0.9538
3970,2.7013399999999996
39891,0.5949500000000001
4010,2.4056
4011,8.9255
4019,3.1419618181818176
40291,2.1306
40390,1.881954545454545
40391,6.759277777777778
41001,2.4872
41041,7.88005
41071,4.729900000000001
41072,6.3034
4111,4.7333
412,1.4195333333333335
4139,1.3153
41400,2.0749375
41401,3.1676210526315796
4142,1.3153
4149,1.7404
41511,2.1436
41519,1.3329000000000002
4160,3.8081666666666667
4168,11.71242
4233,3.6174
4239,6.236766666666667
4240,3.9697199999999997
4241,2.9198142857142857
4254,1.1649
42652,0.7437
4266,7.2616
4270,1.0082
4271,3.7282800000000003
42731,3.0776884615384605
42732,8.9255
42741,8.1727
4275,6.186166666666666
42781,4.371300000000001
42789,5.56062
4280,5.366553658536585
42821,1.3386500000000001
42822,0.7868999999999999
42823,2.0003
42830,3.54885
42831,1.5316
42832,6.436933333333335
42833,5.798000000000001
42843,2.2625333333333333
431,3.7266666666666666
43310,1.3454
43401,5.4263
43411,2.8437
43491,2.2821
4370,1.8158500000000002
43810,1.16525
43811,1.3546
43819,1.748
43850,1.9121
43853,1.5343
43882,10.7764
43889,15.008500000000002
44020,1.0316
44031,1.6226
4414,2.8258
4439,2.036892857142857
44422,6.3034
4471,6.3034
45182,4.6191
452,19.8818
4531,5.4263
45340,1.6236
45341,19.5761
4538,8.6517
45381,19.5761
4549,0.6259
45620,6.930325
45621,21.4136
4582,2.6499
45829,7.550400000000001
4588,7.1826
4589,0.3627
45981,4.0588750000000005
4739,12.9903
47831,7.1076
47833,0.7974
48241,19.16115
48242,14.2508
48282,24.9968
48283,1.48745
4830,19.5761
486,4.168603333333333
490,7.30645
49121,3.736675
4928,3.0025
49322,0.9911
49390,1.5364399999999998
4940,19.5761
496,3.544375
5070,4.368824999999999
5109,7.1076
51189,7.1076
5119,3.2278
5121,18.5933
514,2.2821
5180,5.9965625
5185,13.650520000000004
51881,8.182359375
51882,1.9425
51884,8.6862
51909,1.0176
51919,5.0302
52801,19.5761
5290,1.7861
53019,7.7193000000000005
5303,0.7974
53081,4.95061875
53082,1.2762
53084,8.9255
53089,8.9255
53140,1.892
53190,1.9252
53240,1.892
53390,4.27814
53551,0.7146
53642,1.0176
53649,1.48745
53789,11.33715
5533,9.4162
5566,31.1235
5601,17.335
5602,0.535
56210,3.65415
56211,1.45435
56400,4.7969
56409,13.387450000000001
5641,9.4162
5672,1.6384500000000002
56881,35.4065
5691,7.2616
56949,9.4162
56969,6.3034
56981,1.6444
56985,0.6549
570,15.67902857142857
5711,16.20865
5712,15.290866666666666
5715,6.930325
5722,13.7729
5723,6.930325
5724,4.1845
5728,12.9903
57451,2.2624
57471,0.8646
5750,15.618333333333334
5754,7.902
5761,1.3305333333333331
5762,35.4065
5770,2.7312499999999997
5772,2.043
5780,7.7193000000000005
5781,2.49115
5789,6.084342857142857
58181,4.5761
5845,13.775437499999999
5849,4.538421999999999
585,2.6745
5853,1.06265
5854,0.7146
5855,31.1235
5856,1.58075
5859,4.157171428571429
58881,0.8592
5939,4.675599999999999
59582,9.4162
5960,2.043
5989,4.9262
5990,3.602643333333333
59960,1.6397
59970,13.169899999999998
59971,1.7404
6000,1.3755
60000,1.2689
6039,19.5761
60490,19.5761
6191,9.4162
6826,3.1930666666666667
6930,7.1988
70703,5.9499666666666675
70705,7.2768999999999995
70706,4.1014
70707,12.9903
70712,1.4011
70714,0.7146
70720,4.370075
70721,2.5803
70722,5.83018
70723,11.717333333333334
70724,9.471533333333335
71105,3.3857
7140,2.2559
71589,19.5761
71590,2.043
71615,1.7299
71690,0.6259
71940,1.9252
71946,0.8592
7211,2.2624
7213,1.0337
72400,0.9873333333333334
725,1.42025
72989,29.2601
7299,1.2938
73300,2.02426
73689,0.1059
73730,1.0337
75321,1.9121
7580,5.0956
78001,15.041
78003,5.6857
78009,0.9454
7802,0.9775
78039,8.319899999999999
78057,11.0714
7806,11.7652
78060,29.2601
7810,1.9456
7821,3.7516
7823,2.043
7837,3.3857
7850,7.886866666666667
78551,7.082859999999999
78552,6.064356250000001
78559,9.064100000000002
78603,1.7299
7861,1.262
7868,7.1988
7872,4.5761
78720,7.936
78722,0.7974
78724,8.9255
78791,7.1173
78820,6.658825
78900,2.043
7895,4.44445
78959,7.2304375
79029,8.9255
7907,4.0826
79092,5.958349999999999
79094,29.2601
79902,1.01675
7991,0.1904
7994,21.4136
80102,22.3895
80125,0.207
8020,22.3895
8024,2.1436
8028,2.1436
80375,0.7602
80501,1.9178
80502,1.9178
8052,1.9178
80601,22.3895
81201,2.1436
81249,3.712
82021,2.8258
82101,22.3895
8504,0.1059
85206,1.262
85221,0.7437
85225,29.2601
85306,1.262
8600,1.9121
8602,0.207
86389,0.1059
86404,0.1059
8670,1.7404
8730,22.3895
87349,0.7602
8830,1.0316
8911,1.9178
9341,1.1497
9584,0.1059
9680,1.1409
9693,1.1409
9694,1.1409
99591,3.1567416666666666
99592,5.3996615384615385
99631,1.0316
99659,5.5939499999999995
99662,2.9610333333333334
99664,1.04755
99667,3.3857
99673,2.2624
99677,3.3857
99682,24.1984
9971,5.376333333333332
99731,10.957899999999999
9974,7.1076
9980,2.8258
99811,6.8011
99812,3.7849500000000003
99813,22.3895
9982,1.1358
9992,2.2559
E8120,0.8959
E8231,22.3895
E8232,0.1059
E8348,0.207
E8490,1.9178
E8495,0.8959
E8497,1.0316
E8498,3.3857
E8700,1.1358
E8781,10.6291
E8788,2.4847
E8791,1.6325
E8792,9.4162
E8796,1.1834
E8798,2.7853333333333334
E8809,1.9178
E8859,1.904366666666667
E8889,10.530533333333333
E9289,1.7404
E9290,12.9903
E9308,4.4696
E9331,9.454266666666667
E9342,6.1833
E9352,1.7299
E9361,2.6465
E9379,0.9775
E9394,4.7333
E9429,1.3279
E9479,3.5465
E9503,1.1409
E9504,1.1409
V0254,10.399433333333333
V090,1.7547333333333335
V0980,4.5761
V1003,2.86
V1005,1.6444
V1011,1.1497
V103,3.2775999999999996
V1041,9.4162
V1042,3.328
V1046,2.2624
V1079,2.0091
V1083,0.7444
V1201,2.4400666666666666
V1204,4.41925
V1251,4.4503
V1254,2.1542
V1259,2.3950500000000003
V1272,1.52785
V1301,1.3153
V1302,1.2975999999999999
V153,6.97174
V1581,11.20235
V1582,8.822750000000001
V1588,2.2624
V420,1.6007
V425,1.0316
V4281,2.6745
V433,6.0676
V440,1.7269333333333334
V441,3.55235
V442,1.8894000000000002
V444,1.9456
V446,6.3034
V4501,0.7620666666666667
V4502,2.2624
V4511,0.8592
V452,29.2601
V4571,2.4031
V4572,1.6397
V4581,2.89562
V4582,2.497114285714286
V4611,9.04295
V462,0.7974
V4983,1.2607
V4984,1.0176
V4986,1.6397
V5411,12.9903
V5413,7.2515
V5419,12.9903
V550,12.9903
V551,12.9903
V5861,2.618857894736842
V5865,0.9911
V5867,3.8766375
V600,19.5761
V667,1.6997666666666669
V8741,5.640566666666666
V8801,7.078499999999999
