10006,70,9,1
10011,36,14,1
10017,73,8,1
10019,48,1,1
10027,82,12,1
10029,78,10,1
10033,81,3,1
10035,75,4,1
10040,85,4,1
10042,70,11,1
10043,76,12,1
10044,81,9,1
10045,68,7,1
10046,53,11,1
10056,83,4,1
10059,69,6,1
10059,69,7,1
10061,75,25,1
10064,68,0,1
10065,78,12,1
10067,29,0,1
10069,41,19,1
10074,85,8,1
10076,68,9,1
10083,82,17,1
10088,77,7,1
10088,77,12,1
10088,77,6,1
10090,27,2,1
10098,20,1,1
10101,72,2,1
10102,70,13,1
10104,70,7,1
10106,63,5,1
10111,83,18,1
10112,78,6,1
10114,72,7,1
10117,66,6,1
10117,66,9,1
10119,81,14,1
10119,81,5,1
10120,27,3,1
10124,83,10,1
10124,83,29,1
10126,44,35,1
10127,17,22,1
10130,51,20,1
10132,65,25,1
40124,66,6,1
40124,67,6,1
40204,76,8,1
40277,80,4,1
40286,83,5,1
40304,76,10,1
40310,40,124,1
40310,41,7,1
40595,76,9,1
40601,72,6,1
40687,81,3,1
41795,48,13,1
41795,49,3,1
41914,55,17,1
41976,62,7,1
41976,62,3,1
41976,62,14,1
41976,63,11,1
41976,63,4,1
41976,64,5,1
41976,64,7,1
41976,65,3,1
41976,65,3,1
41976,65,3,1
41976,65,3,1
41976,65,4,1
41976,65,3,1
41976,66,7,1
41976,66,8,1
42033,85,2,1
42066,50,7,1
42075,80,14,1
42135,43,12,1
42135,44,22,1
42199,72,10,1
42231,85,8,1
42275,77,3,1
42281,68,28,1
42292,63,3,1
42302,85,4,1
42321,80,5,1
42430,81,4,1
43735,82,5,1
43746,81,16,1
43748,79,6,1
43779,76,3,1
43798,61,39,1
43879,55,1,1
43881,53,6,1
43881,53,8,1
43909,78,0,1
43927,71,4,1
44083,54,7,1
44083,54,3,1
44083,54,10,1
44212,45,36,1
44222,73,1,1
44228,58,9,1
